x <- c(11, 22, 47, 47, 11, 47, 11)
factor(x, levels=c(11, 22, 47), ordered=TRUE)