list <- list("year" = c(2005:2016), "month" = c(1:12), "day" = c(1:31))
list