x <- c(4,5,6,7,10,9,4,15)
x < 7