p <- c(1,2,3,4)
q <- c(3,3,3)
p+q