a <- c(1,5,4,3,6)
b <- c(3,5,2,1,9)

a <= b